2042  7 16    6  2 49.217348   2467081.75195853412   113.874642   0.000000     7.716862  21.327112    80.307162  19.737139  19.783464    95.151228  21.360531
2039  5  3   15 42 29.210273   2465912.15450474853    43.079133   0.000000     2.708572  15.761434   257.779496  29.278066  29.308019   242.329334  15.783156
2104  5  5   12 31  4.435190   2489655.02157911099    45.164672   0.000000     2.846858  16.375022   203.319773  52.568353  52.581282   194.520347  16.386102
2026  9 21   10 16 39.826267   2461304.92823872995   178.456210   0.000000    11.905569   0.613993   157.220237  36.409524  36.432367   161.848176   0.634275
2055  8  5   11 13 22.577032   2471849.96762241935   133.053204   0.000000     9.034465  16.891469   168.054057  54.438823  54.450899   172.774401  16.902049
2067  5 17    6 46 11.031198   2476152.78207212035    56.484522   0.000000     3.611912  19.360994    91.931655  26.381428  26.415216   108.399872  19.384960
2024  9 29    8 39 11.160063   2460582.86054583406   186.700363   0.000000    12.410128  -2.660078   132.739994  24.959883  24.995843   138.213713  -2.629987
2053 12 19   14  3 15.155825   2471256.08559208130   268.126379   0.000000    17.863877 -23.416423   214.271284   7.788619   7.901197   217.398792 -23.314465
2021  9 12   10 16 21.307156   2459469.92802438838   169.876336   0.000000    11.379758   4.009053   155.092726  39.483842  39.504308   160.988704   4.027007
2020 11 24   15 27 33.302559   2459178.14413544629   242.813741   0.000000    16.050624 -20.719889   234.987937  -0.036285   0.452050   240.844782 -20.310504
2099  3 12   11 10 43.293446   2487774.96577885933   352.187371   0.000000    23.521633  -3.098296   169.373960  34.412270  34.436846   171.239662  -3.075895
2077  9 25    9 58 44.911599   2479936.91579758795   182.995061   0.000000    12.183233  -1.190491   152.979581  33.608227  33.633550   157.769467  -1.168126
2102 10  8   11 47 45.817501   2489079.99150251737   194.820857   0.000000    12.909781  -5.837143   187.009734  31.948408  31.975376   185.972828  -5.812320
2051  3 21    9 10 32.599787   2470251.88232175680     0.709856   0.000000     0.043422   0.282260   134.880919  29.190640  29.220698   141.799546   0.307379
2048 10  1   15 50 32.595581   2469351.16009948589   189.152278   0.000000    12.560582  -3.626573   248.717510  11.407071  11.486840   246.192574  -3.563265
2050  6 20   10 50 55.210935   2469977.95202790434    89.338608   0.000000     5.951945  23.429215   158.028776  60.053620  60.063352   168.258174  23.437473
2053  3 29   16 27  2.340211   2470991.18544375245     9.446308   0.000000     0.578654   3.741777   257.588935  14.219351  14.283911   251.534440   3.791400
2050  9  2   14 15 42.375147   2470052.09424045309   160.327170   0.000000    10.789244   7.693096   230.977876  34.970291  34.994366   219.960190   7.712441
2029  5 24   14 11 21.417722   2462281.09122011252    63.700270   0.000000     4.112693  20.888549   239.688906  46.423249  46.439312   219.555056  20.900391
2076  9  8   13 58 19.405669   2479555.08216904709   166.814160   0.000000    11.191185   5.204022   225.516537  34.502498  34.526992   216.173790   5.224210
2110  8  8   17 19  2.038317   2491941.22155136941   135.892185   0.000000     9.223222  16.061750   275.645365  16.096111  16.153203   264.212326  16.103939
2038  8 17   10 44 27.016500   2465652.94753491320   144.649438   0.000000     9.796112  13.302733   158.706157  49.718501  49.732813   166.042157  13.315143
2078  7 26    6 17 15.508364   2480240.76198505051   123.716693   0.000000     8.401922  19.314618    84.335569  20.330028  20.374934    98.625791  19.347050
2049  3 24   14  4 31.328294   2469525.08647370711     4.372749   0.000000     0.267558   1.737469   223.060333  31.643380  31.670667   215.546582   1.760331
2110  4 22   13 49 13.901245   2491833.07585533848    32.123798   0.000000     1.996527  12.203074   226.619858  41.900536  41.919337   213.596813  12.218179
2054  9 19    9 42 56.872323   2471529.90482491115   176.693424   0.000000    11.797702   1.314185   146.859764  34.598215  34.622623   153.256309   1.335282
2026  1 19    9  8 35.892635   2461059.88097097958   299.298369   0.000000    20.096663 -20.296583   142.662795   9.898125   9.989101   140.467183 -20.215373
2098 10 25    7 35 18.884329   2487636.81619079085   212.451629   0.000000    14.017450 -12.318947   124.560986   9.577960   9.671698   123.828880 -12.240894
2110  9 22    9 25  2.195513   2491985.89238652214   179.073398   0.000000    11.943316   0.368325   142.482079  32.192865  32.219582   148.986449   0.391184
2022  7 19   10  0 57.489234   2459779.91733205132   116.732671   0.000000     7.917657  20.808273   138.087635  53.122684  53.135355   154.612475  20.818356
2110 10 16   15 50  5.092652   2492010.15978116496   202.948950   0.000000    13.415515  -8.916537   246.340711   6.593563   6.723152   247.001515  -8.812139
2105  7  6    9  7  5.466491   2490081.87992438069   104.256329   0.000000     7.031850  22.662069   119.986588  48.434567  48.449540   141.493037  22.672987
2089  5 29   17 59 32.178867   2484201.24967799615    69.125026   0.000000     4.495426  21.805335   288.596391  13.224757  13.294039   276.366086  21.857383
2062  3  8   13 12  0.005094   2474257.05000005895   348.245385   0.000000    23.279406  -4.647069   204.847910  30.533912  30.562403   201.285404  -4.621601
2094  6 15   19 20 16.390733   2486044.30574526312    85.245054   0.000000     5.654675  23.341082   304.064013   3.783037   3.979671   295.687191  23.502529
2058  5 23   15 24  0.432179   2472872.14167166874    62.767224   0.000000     4.047429  20.706752   257.480186  35.876987  35.900275   237.723205  20.723095
2074  5 20   18  2 23.520686   2478713.25166111905    60.114093   0.000000     3.862648  20.164986   288.268576  11.378675  11.458630   277.329694  20.225671
2036 10  3   12 40 38.476574   2464970.02822310850   190.888970   0.000000    12.667325  -4.308308   202.251200  31.450461  31.477952   198.895815  -4.283605
2092 12 30   10  9  8.600994   2485511.92301621521   279.706669   0.000000    18.703983 -23.070611   158.908513  12.405589  12.479262   157.560748 -23.001462
2112  9 16   11 43 30.004565   2492710.98854171950   173.814835   0.000000    11.621406   2.454793   184.080621  40.397383  40.417200   183.108547   2.472744
2061  7 17    5 56 33.123190   2474022.74760559248   115.215901   0.000000     7.811229  21.087322    79.266386  18.580453  18.629782    93.545259  21.123135
2092  4 23    8  9 16.775106   2485260.83977748966    34.192179   0.000000     2.129301  12.909632   114.260205  33.466252  33.491710   128.730868  12.928785
2061  2 20    8 10 53.624430   2473875.84089843091   332.207653   0.000000    22.279449 -10.686195   124.980386  11.732871  11.810551   125.315260 -10.621611
2053  2 12   10 50 43.130212   2470945.95188808115   324.183897   0.000000    21.765969 -13.455187   164.198934  23.292549  23.331359   165.104896 -13.419197
2045  5 29   15  8 36.980217   2468130.13098356733    68.663425   0.000000     4.462577  21.743687   254.695051  39.074893  39.095657   233.706113  21.758211
2042  5 30   19 10 22.765589   2467035.29887460172    69.515539   0.000000     4.523039  21.874508   301.958216   3.432013   3.641573   294.004613  22.045660
2040 10 27    9 16 25.244344   2466454.88640329102   214.568416   0.000000    14.153407 -13.041693   147.902750  19.692633  19.739068   149.116677 -13.000135
2070 12 25   14  2 19.283547   2477471.08494541142   274.109826   0.000000    18.298508 -23.363583   213.472967   8.164373   8.272436   216.449602 -23.265468
2057  8 24    6 30 46.237421   2472599.77136848867   151.610389   0.000000    10.241566  10.898666    93.489800  16.590942  16.646320   103.089843  10.940044
2095  5 18   11 43 39.030386   2486380.98864618503    57.858527   0.000000     3.706560  19.672886   184.787994  57.614191  57.624906   182.720717  19.682293
2098  8 14    9 40 12.308460   2487564.90292023681   142.205931   0.000000     9.637685  14.103038   136.314387  45.093870  45.110693   149.825604  14.116628
2038  9 21   14 43  8.978045   2465688.11329835700   178.723741   0.000000    11.921932   0.507526   235.391325  24.525234  24.561903   228.469915   0.537227
2026  7  2   11 49 56.964164   2461223.99302041857   100.630437   0.000000     6.770780  23.012327   184.579137  60.964405  60.973782   182.412232  23.020525
2086  5 18    4 24 18.453472   2483093.68354691518    57.743939   0.000000     3.698655  19.647143    64.705099   5.406374   5.558272    72.982994  19.767688
2071  8 29   14 54  3.061441   2477718.12086876668   156.405990   0.000000    10.544072   9.156760   241.265310  31.491687  31.519134   229.216461   9.178010
2051  2 15    9 53 45.023344   2470217.91232665908   326.659173   0.000000    21.925518 -12.623855   149.497554  20.654958  20.699118   150.889328 -12.584214
2043  4 16    7 11  2.472716   2467355.79933417495    26.204628   0.000000     1.620134  10.115222   102.762468  22.483772  22.524101   113.764776  10.145392
2030  8  2   15 12 33.861894   2462716.13372525340   130.388217   0.000000     8.855762  17.632981   250.329016  36.567227  36.589940   232.505426  17.649470
2060  6  1   16 52 48.761556   2473612.20334214764    71.962760   0.000000     4.697314  22.218385   276.366982  23.608593  23.646834   259.606877  22.245418
2016  7  6   18 34  5.766373   2457576.27367785154   105.104960   0.000000     7.092851  22.579189   294.161629   9.912181  10.003039   283.191942  22.649399
2024  2  2    7 44 31.724381   2460342.82258940255   312.945050   0.000000    21.027355 -16.927837   122.809081   3.056387   3.281552   118.808117 -16.740518
2060  9 11   16 12 32.136040   2473714.17537194490   169.696161   0.000000    11.368663   4.079111   256.504615  15.431007  15.490558   249.967726   4.124865
2067  7 31   17 16  1.662349   2476228.21946368460   128.613906   0.000000     8.735883  18.101079   276.311099  18.221614  18.271945   263.302059  18.137834
2048  7  4    8 17  5.234967   2469261.84519947879   103.051830   0.000000     6.945301  22.792751   107.028605  41.531216  41.550262   129.081522  22.806021
2089  2  7   12 39 32.162390   2484090.02745558321   319.468180   0.000000    21.458893 -14.972654   192.877532  22.185322  22.226237   192.328751 -14.934424
2077  7 10   17 23 48.088506   2479860.22486213548   109.119727   0.000000     7.379837  22.067364   280.660937  19.930004  19.975860   265.456295  22.100377
2094  4 11   17 37 50.826361   2485979.23461604584    22.364104   0.000000     1.378844   8.700753   275.538924   6.720938   6.848491   270.120005   8.798914
2093  6  3   16 37 13.409478   2485667.19251631340    73.889797   0.000000     4.835160  22.454493   273.487667  26.237980  26.271978   255.611860  22.478265
2095  7  1    4 11  1.312513   2486424.67432074668    99.680369   0.000000     6.702092  23.074217    58.748018   5.374712   5.527302    67.783815  23.197363
2064 12 21   12  2 10.537212   2475276.00151084736   270.418279   0.000000    18.030392 -23.431596   186.534409  14.336356  14.400400   186.896446 -23.370138
2060 10 20   13 13 46.863013   2473753.05123684043   207.915619   0.000000    13.728362 -10.730272   210.262720  22.727050  22.766911   208.223652 -10.694598
2046  2 20   11  2  5.331943   2468396.95978393452   331.969004   0.000000    22.264342 -10.772138   166.886515  26.398110  26.431874   168.065912 -10.740908
2104  5  3   15 59 56.134628   2489653.16662192857    43.365540   0.000000     2.727621  15.841899   261.521952  26.704628  26.737951   246.678555  15.866015
2057  9 19   14 36 33.069752   2472626.10871608509   177.158053   0.000000    11.826139   1.129740   234.020931  25.965780  26.000181   226.675545   1.157667
2098 10 31   11  7 37.716300   2487642.96363097569   218.585693   0.000000    14.413854 -14.358234   176.798726  23.600044  23.638301   176.973424 -14.322254
2050 12 17    8 30 43.978344   2470157.85467567528   265.583869   0.000000    17.679253 -23.356825   139.018248   4.859455   5.024168   134.697141 -23.211109
2100  4 23   16  2 51.640134   2488182.16865324229    33.604136   0.000000     2.091426  12.712398   259.672131  24.032383  24.069884   247.062141  12.740049
2019  2 20   10 31 41.996671   2458534.93868051702   331.486768   0.000000    22.233768 -10.944452   158.763239  24.842374  24.878523   160.448174 -10.911432
2074  8 28   14 34 21.006698   2478813.10718757752   155.688114   0.000000    10.498993   9.421390   236.480304  34.341836  34.366477   224.236205   9.440725
2053  4 28   10 24 13.298481   2471020.93348725094    38.607864   0.000000     2.415286  14.365905   153.337334  49.894987  49.909210   162.642614  14.378039
2015  4  1   17 51  1.682501   2457114.24376947340    11.684520   0.000000     0.716273   4.619882   274.998262   1.955698   2.240711   272.560438   4.842565
2111  4 16    5 58  7.906703   2492191.74870262388    25.697385   0.000000     1.588278   9.925729    88.126600  11.167069  11.248444    95.527585   9.987392
2055  6  6    7 49  6.160872   2471789.82576575084    75.631274   0.000000     4.960033  22.655750   102.073968  38.132245  38.153717   123.555741  22.670584
2052  5 25   17 16 41.937930   2470683.21992983716    65.203010   0.000000     4.218263  21.159466   280.304083  19.022242  19.070385   265.816482  21.194327
2059  8 15   17 39 23.805418   2473321.23569219233   142.932399   0.000000     9.684937  13.869058   278.393337  11.083228  11.165179   269.620934  13.931016
2096  2  6   14 35 51.756236   2486645.10823791940   317.822230   0.000000    21.350780 -15.483299   221.005654  13.563926  13.631528   221.412474 -15.424110
2105  5 13   18 53 36.883940   2490028.28723245300    52.928351   0.000000     3.368853  18.493156   297.020575   2.742586   2.982433   290.091620  18.686772
2035  7 15   13 23 27.715023   2464524.05795966461   112.917909   0.000000     7.649303  21.485950   222.299367  53.764684  53.777063   205.304408  21.495761
2040  4 29   15 14 34.078421   2466274.13511664839    39.913648   0.000000     2.500487  14.784499   250.796074  32.698327  32.724534   235.259552  14.803804
2043 10  2   13 58 23.647126   2467525.08221813804   189.277994   0.000000    12.568288  -3.676547   223.202862  25.615676  25.650607   218.197228  -3.646881
2079  5 31   16 34 24.566258   2480550.19056210946    70.424116   0.000000     4.587681  22.003334   272.729919  26.238431  26.272428   255.062854  22.027152
2077  8 21   17 37  8.619508   2479902.23412754061   149.325349   0.000000    10.096188  11.704187   276.870232   9.510009   9.604354   269.425088  11.776014
2092  4 25    8  6 11.605401   2485262.83763432177    36.139113   0.000000     2.254990  13.559601   113.153846  33.608333  33.633656   128.043317  13.578540
2042  9  3   17 31  7.691633   2467131.22995013464   161.358481   0.000000    10.853464   7.303919   273.664371   6.411947   6.544544   268.834898   7.406100
2045 11 30   10  3 22.180624   2468314.91900672019   248.601054   0.000000    16.458159 -21.733663   160.502525  14.148206  14.213084   159.625153 -21.672734
2066  8 19   11 14 11.440819   2475881.96818797244   146.825249   0.000000     9.936188  12.567450   170.188696  50.240599  50.254649   173.590587  12.579884
2061  8 25   14 57 16.619836   2474062.12310902588   152.949415   0.000000    10.326396  10.419858   242.614314  32.248531  32.275190   229.762847  10.440318
2085 10 10    6 35 24.827823   2482873.77459291462   197.683559   0.000000    13.087089  -6.936783   108.579242   5.427844   5.579277   108.174874  -6.816261
2113  2 18    7 35 54.587093   2492865.81660401728   329.540764   0.000000    22.109854 -11.625995   118.112648   6.329446   6.463454   116.565476 -11.516516
2042  2 26   15 30  9.247962   2466942.14594036993   338.160849   0.000000    22.654092  -8.508437   236.664146  13.307567  13.376432   235.257566  -8.451674
